таблиц: 84
     p    RMS    фон  кипу  (групп × столбцов)  доли групп (к наименьшей)
 0.005  0.026  0.510  UR1120   (4×8)  [4.37, 1.49, 1.88, 1.0]
 0.005  0.036  0.733  UR1149   (3×4)  [6.19, 6.34, 1.0]
 0.005  0.049  0.070  UR275    (9×3)  [1.1, 1.15, 1.21, 1.18, 1.26, 1.49, 1.17, 1.0, 1.27]
 0.005  0.065  0.092  UR1109   (8×4)  [1.21, 1.21, 1.21, 1.0, 1.0, 1.0, 1.11, 1.0]
 0.005  0.108  0.155  UR267A   (8×3)  [1.95, 1.43, 1.7, 1.28, 1.15, 1.0, 1.35, 1.83]
 0.005  0.124  0.234  HP010    (3×7)  [1.0, 1.64, 1.24]
 0.005  0.152  0.312  UR1144   (5×4)  [3.11, 1.25, 1.96, 1.81, 1.0]
 0.005  0.190  0.232  UR278    (7×8)  [1.39, 1.39, 1.59, 1.19, 1.07, 1.33, 1.0]
 0.005  0.207  0.455  UR269    (5×3)  [2.35, 4.44, 4.99, 4.99, 1.0]
 0.005  0.207  0.644  UR1149   (6×3)  [4.82, 4.82, 4.82, 4.82, 4.25, 1.0]
 0.005  0.210  0.361  UR278    (15×7)  [2.54, 1.05, 1.0, 2.08, 2.3, 1.56, 1.34, 1.37, 2.39, 1.61, 2.46, 3.06]
 0.005  0.256  0.319  QU019    (9×7)  [1.08, 1.0, 1.48, 1.87, 1.68, 1.75, 1.21, 1.67, 1.89]
 0.005  0.270  0.389  UR1131   (6×9)  [1.05, 1.32, 2.57, 1.11, 1.0, 1.93]
 0.005  0.271  0.427  HP030    (9×7)  [1.02, 1.0, 1.76, 1.29, 1.66, 1.51, 2.11, 2.46, 1.04]
 0.005  0.297  0.652  UR281    (6×5)  [6.69, 2.3, 1.28, 1.15, 1.32, 1.0]
 0.005  0.297  0.648  KH0081   (6×5)  [6.69, 2.3, 1.28, 1.15, 1.32, 1.0]
 0.005  0.361  0.529  UR1136   (9×9)  [1.13, 1.57, 2.0, 1.47, 1.0, 1.0, 3.18, 3.2, 3.06]
 0.005  0.366  0.481  UR1136   (9×9)  [2.32, 2.31, 2.06, 1.1, 1.1, 1.14, 1.54, 1.46, 1.0]
 0.005  0.384  0.839  UR011    (14×4)  [37.53, 26.41, 25.45, 20.98, 17.05, 19.08, 15.13, 20.04, 21.6, 1.0, 3.55, 3.6]
 0.005  0.408  1.000  AS068    (13×6)  [19.35, 17.62, 11.78, 1.97, 9.76, 1.14, 1.86, 2.0, 1.91, 1.58, 1.0, 1.01]
 0.005  0.418  0.793  UR208    (7×5)  [12.06, 2.4, 2.31, 2.37, 1.51, 1.98, 1.0]
 0.005  0.556  0.707  HP027    (5×5)  [2.35, 4.53, 1.17, 1.32, 1.0]
 0.005  0.635  0.944  UR085    (4×7)  [3.94, 5.34, 2.6, 1.0]
 0.005  0.650  0.694  UR1140   (20×9)  [1.8, 1.99, 2.41, 2.07, 2.69, 2.53, 1.77, 2.15, 3.01, 2.96, 3.52, 2.35]
 0.005  0.902  1.519  AS008    (4×6)  [1.0, 4.29, 8.98, 18.96]
 0.010  0.254  0.372  UR1144   (5×4)  [1.61, 2.87, 1.38, 1.6, 1.0]
 0.010  0.472  0.629  AS209    (3×8)  [1.0, 2.53, 2.72]
 0.015  0.176  0.235  UR281    (3×7)  [1.62, 1.48, 1.0]
 0.015  0.176  0.233  KH0081   (3×7)  [1.62, 1.48, 1.0]
 0.020  0.232  0.272  UR1109   (6×4)  [1.15, 1.61, 1.92, 1.61, 1.61, 1.0]
