[copy] диагоналей с ≥3 совпадениями: 41392; порог (макс. по перемешанному корпусу, 3 раз): 104.2 бит
** 1541.3 бит  184 совп.  B=KH0081 [0:212]  A=UR281 сдвиг +0   B:[5928, 1120, 2200, 930, 1948, 0, 0, 1547, 356, 420]  A:[5928, 1120, 2200, 930, 1948, 0, 0, 1547, 356, 420]
** 1266.9 бит  102 совп.  B=HP036 [0:107]  A=KH0049 сдвиг +0   B:[27475, 3417, 0, 0, 4758, 6202, 6366, 4811, 3516, 16677]  A:[27475, 3417, 0, 0, 4758, 6202, 6366, 4811, 3516, 16677]
** 1021.8 бит  83 совп.  B=AS038 [0:107]  A=KH0049 сдвиг +0   B:[27475, 3417, 0, 0, 4758, 6202, 6366, 4811, 3516, 16677]  A:[27475, 3417, 0, 0, 4758, 6202, 6366, 4811, 3516, 16677]
** 1021.8 бит  83 совп.  B=AS038 [0:107]  A=HP036 сдвиг +0   B:[27475, 3417, 0, 0, 4758, 6202, 6366, 4811, 3516, 16677]  A:[27475, 3417, 0, 0, 4758, 6202, 6366, 4811, 3516, 16677]
**  849.0 бит  96 совп.  B=KH0001 [0:95]  A=UR176 сдвиг +0   B:[123, 191, 206, 435, 150, 76, 69, 190, 226, 50]  A:[123, 191, 206, 435, 150, 76, 69, 190, 226, 50]
**  497.6 бит  72 совп.  B=AS047 [0:79]  A=KH0058 сдвиг +0   B:[168, 34, 42, 22, 17, 31, 34, 16, 146, 34]  A:[168, 34, 42, 22, 17, 31, 34, 16, 146, 34]
**  491.2 бит  50 совп.  B=KH0083 [12:65]  A=UR035 сдвиг +0   B:[659, 790, 669, 49, 881, 580, 576, 281, 63, 130]  A:[659, 790, 669, 49, 881, 580, 576, 281, 63, 130]
**  463.4 бит  61 совп.  B=AS068 [127:212]  A=UR281 сдвиг +0   B:[330, 823, 181, 50, 256, 220, 53, 1077, 130, 520]  A:[330, 823, 0, 500, 256, 220, 53, 1078, 130, 520]
**  463.4 бит  61 совп.  B=AS068 [127:212]  A=KH0081 сдвиг +0   B:[330, 823, 181, 50, 256, 220, 53, 1077, 130, 520]  A:[330, 823, 0, 500, 256, 220, 53, 1078, 130, 520]
**  337.8 бит  33 совп.  B=KH0197 [0:33]  A=UR236 сдвиг +0   B:[989, 661, 575, 879, 534, 571, 342, 742, 429, 369]  A:[989, 661, 575, 879, 534, 571, 342, 742, 429, 369]
**  257.1 бит  25 совп.  B=AS181 [0:33]  A=UR236 сдвиг +0   B:[989, 661, 575, 879, 534, 591, 341, 742, 429, 369]  A:[989, 661, 575, 879, 534, 571, 342, 742, 429, 369]
**  257.1 бит  25 совп.  B=AS181 [0:33]  A=KH0197 сдвиг +0   B:[989, 661, 575, 879, 534, 591, 341, 742, 429, 369]  A:[989, 661, 575, 879, 534, 571, 342, 742, 429, 369]
**  183.6 бит  14 совп.  B=AS125 [0:14]  A=UR247 сдвиг +0   B:[1517, 2373, 6291, 3495, 4213, 6323, 4122, 2220, 4377, 1292]  A:[1517, 2373, 6291, 3495, 4213, 6323, 4122, 2220, 4377, 1292]
**  182.9 бит  25 совп.  B=AS067/MA029 [106:132]  A=KH0080 сдвиг +0   B:[54, 28, 86, 28, 294, 54, 14, 13, 17, 98]  A:[54, 28, 86, 28, 294, 54, 14, 13, 17, 98]
**  164.5 бит  15 совп.  B=UR270 [18:32]  A=UR278 сдвиг +178   B:[285, 208, 247, 205, 203, 182, 131, 178, 229, 240]  A:[285, 208, 247, 205, 203, 182, 131, 178, 229, 240]
**  146.5 бит  22 совп.  B=KH0032 [0:21]  A=UR043 сдвиг +0   B:[77, 32, 20, 23, 25, 32, 30, 30, 29, 33]  A:[77, 32, 20, 23, 25, 32, 30, 30, 29, 33]
**  144.8 бит  24 совп.  B=KH0227 [126:165]  A=UR083 сдвиг +0   B:[50, 14, 10, 11, 30, 0, 72, 30, 6, 12]  A:[50, 14, 10, 11, 30, 0, 72, 30, 6, 12]
**  131.9 бит  19 совп.  B=HP055 [42:74]  A=UR1084 сдвиг +23   B:[100, 40, 222, 22, 33, 66, 0, 33, 42, 1077]  A:[100, 50, 220, 22, 33, 66, 32, 33, 42, 0]
**  111.2 бит  12 совп.  B=AS070 [23:45]  A=UR035 сдвиг +0   B:[242, 138, 134, 36, 259, 245, 258, 77, 67, 49]  A:[242, 140, 144, 36, 255, 246, 258, 76, 67, 49]
**  111.2 бит  12 совп.  B=AS070 [23:45]  A=KH0083 сдвиг +0   B:[242, 138, 134, 36, 259, 245, 258, 77, 67, 49]  A:[242, 140, 144, 36, 255, 246, 258, 76, 67, 49]
**  110.5 бит  16 совп.  B=HP041 [0:21]  A=KH0057 сдвиг +0   B:[123, 0, 0, 191, 68, 12, 66, 12, 13, 5]  A:[123, 0, 0, 191, 68, 12, 66, 12, 13, 5]
**  107.9 бит  29 совп.  B=UR047 [5:39]  A=UR211 сдвиг +47   B:[10, 60, 4, 10, 10, 10, 10, 10, 10, 10]  A:[10, 0, 10, 10, 0, 10, 0, 10, 10, 10]
    101.5 бит  15 совп.  B=KH0033 [0:16]  A=UR044 сдвиг +0   B:[58, 8, 132, 13, 24, 158, 11, 8, 10, 10]  A:[58, 8, 132, 13, 24, 158, 11, 8, 10, 10]
     95.4 бит  14 совп.  B=AS046 [0:21]  A=KH0057 сдвиг +0   B:[123, 0, 0, 191, 69, 12, 66, 12, 13, 5]  A:[123, 0, 0, 191, 68, 12, 66, 12, 13, 5]
     95.4 бит  14 совп.  B=AS046 [0:21]  A=HP041 сдвиг +0   B:[123, 0, 0, 191, 69, 12, 66, 12, 13, 5]  A:[123, 0, 0, 191, 68, 12, 66, 12, 13, 5]
     90.0 бит  13 совп.  B=UR044 [0:16]  A=UR1031 сдвиг +0   B:[58, 8, 132, 13, 24, 158, 11, 8, 10, 10]  A:[58, 8, 132, 13, 24, 158, 11, 8, 100, 10]
     90.0 бит  13 совп.  B=KH0033 [0:16]  A=UR1031 сдвиг +0   B:[58, 8, 132, 13, 24, 158, 11, 8, 10, 10]  A:[58, 8, 132, 13, 24, 158, 11, 8, 100, 10]
     85.0 бит   7 совп.  B=KH0067 [0:6]  A=UR163 сдвиг +0   B:[5176, 620, 2483, 934, 1118, 2121, 756]  A:[5176, 620, 2483, 934, 1118, 2121, 756]
     83.8 бит   7 совп.  B=UR1118 [1:8]  A=UR218 сдвиг +5   B:[620, 470, 528, 935, 474, 319, 453, 492]  A:[620, 470, 528, 932, 474, 319, 453, 492]
     71.8 бит   6 совп.  B=AS056 [1:6]  A=UR163 сдвиг +0   B:[620, 2483, 934, 1118, 2121, 756]  A:[620, 2483, 934, 1118, 2121, 756]
     71.8 бит   6 совп.  B=AS056 [1:6]  A=KH0067 сдвиг +0   B:[620, 2483, 934, 1118, 2121, 756]  A:[620, 2483, 934, 1118, 2121, 756]
     70.8 бит   6 совп.  B=KH0049 [76:89]  A=UR122 сдвиг -36   B:[1149, 1597, 1612, 970, 859, 4132, 1893, 2592, 89, 976]  A:[1149, 1996, 1621, 969, 859, 3941, 1895, 2632, 89, 987]
     70.8 бит   6 совп.  B=HP036 [76:89]  A=UR122 сдвиг -36   B:[1149, 1597, 1612, 970, 859, 4132, 1893, 2592, 89, 976]  A:[1149, 1996, 1621, 969, 859, 3941, 1895, 2632, 89, 987]
     70.8 бит   6 совп.  B=AS038 [76:89]  A=UR122 сдвиг -36   B:[1149, 1597, 1622, 970, 859, 4144, 1893, 2592, 89, 976]  A:[1149, 1996, 1621, 969, 859, 3941, 1895, 2632, 89, 987]
     69.2 бит   9 совп.  B=AS086 [9:21]  A=MM1086 сдвиг +1   B:[22, 11, 7, 70, 270, 260, 0, 1, 340, 10]  A:[22, 11, 7, 70, 270, 260, 0, 1, 340, 10]
     66.3 бит   6 совп.  B=UR036 [0:6]  A=UR133 сдвиг +0   B:[825, 212, 1, 213, 111, 534, 833]  A:[825, 212, 1, 213, 111, 534, 833]
     66.3 бит   6 совп.  B=KH0267 [0:6]  A=UR133 сдвиг +0   B:[825, 212, 1, 213, 111, 534, 833]  A:[825, 212, 1, 213, 111, 534, 833]
     66.3 бит   6 совп.  B=KH0267 [0:6]  A=UR036 сдвиг +0   B:[825, 212, 1, 213, 111, 534, 833]  A:[825, 212, 1, 213, 111, 534, 833]
     62.9 бит   8 совп.  B=UR066 [16:31]  A=UR067 сдвиг +0   B:[19, 4, 3, 0, 22, 3, 9, 2, 156, 13]  A:[19, 4, 3, 0, 22, 3, 9, 2, 156, 13]
     53.3 бит   8 совп.  B=UR1114 [39:48]  A=UR1123 сдвиг +1   B:[40, 9, 57, 30, 56, 80, 21, 8, 22, 12]  A:[40, 9, 57, 30, 56, 80, 21, 8, 22, 12]
